(0, 1000, 0)
(0, 988, 0)
(0, 993, 0)
(0, 979, 0)(1, 2, 0)
(0, 1011, 0)(1, 3, 0)
(0, 1000, 0)
(0, 988, 0)(1, 4, 0)
(0, 995, 0)
(0, 1023, 0)(1, 6, 0)
(0, 994, 0)
(0, 977, 0)(1, 4, 0)(3, 1, 0)(4, 1, 0)
(0, 964, 0)
(0, 1014, 0)
(0, 1071, 0)(1, 8, 0)(4, 1, 0)(5, 1, 0)
(0, 962, 0)(2, 1, 0)
(0, 1033, 0)(1, 4, 0)(5, 1, 0)
(0, 1000, 0)
(0, 1013, 0)(2, 2, 0)
(0, 1004, 0)
(0, 989, 0)(1, 2, 0)
(0, 1039, 0)(2, 3, 0)
(0, 1018, 0)
(0, 993, 0)(1, 2, 0)
(0, 1007, 0)
(0, 948, 0)(2, 1, 0)
(0, 998, 0)(1, 2, 0)
(0, 1024, 0)
(0, 1010, 0)
(0, 1024, 0)(1, 1, 0)
(0, 1038, 0)
(0, 1011, 0)
(0, 1009, 0)
(0, 980, 0)
(0, 1032, 0)
(0, 1038, 0)(6, 1, 0)
(0, 1012, 0)
(0, 984, 0)
(0, 1024, 0)
(0, 1001, 0)
(0, 999, 0)
(0, 1008, 0)
(0, 963, 0)
(0, 997, 0)
(0, 1019, 0)
(0, 976, 0)
(0, 1019, 0)
(0, 1008, 0)
(0, 968, 0)(2, 1, 0)
(0, 1020, 0)
(0, 994, 0)
(0, 998, 0)(2, 1, 0)
(0, 1038, 0)
(0, 994, 0)(2, 1, 0)
(0, 1012, 0)
(0, 1011, 0)
(0, 993, 0)(2, 2, 0)
(0, 1041, 0)(8, 5, 0)
(0, 1017, 0)
(0, 1029, 0)(2, 4, 0)
(0, 1007, 0)(8, 11, 0)
(0, 1009, 0)
(0, 994, 0)(2, 4, 0)
(0, 1039, 0)(8, 8, 0)
(0, 953, 0)
(0, 984, 0)
(0, 1004, 0)(8, 6, 0)
(0, 949, 0)
(0, 1016, 0)
(0, 1023, 0)(8, 11, 0)
(0, 1042, 0)
(0, 1000, 0)
(0, 980, 0)(8, 8, 0)
(0, 978, 0)
(0, 1007, 0)
(0, 1001, 0)(8, 10, 0)
(0, 1019, 0)
(0, 1012, 0)
(0, 1026, 0)
(0, 1037, 0)(8, 7, 0)
(0, 1054, 0)
(0, 1007, 0)
(0, 985, 0)(8, 8, 0)
(0, 1014, 0)
(0, 1009, 0)
(0, 972, 0)
(0, 963, 0)(8, 5, 0)
(0, 1007, 0)
(0, 1026, 0)
(0, 988, 0)(8, 8, 0)
(0, 958, 0)
(0, 1059, 0)
(0, 999, 0)(8, 8, 0)
(0, 1008, 0)
(0, 1000, 0)
(0, 1028, 0)(8, 18, 0)
(0, 1012, 0)
(0, 963, 0)
(0, 1019, 0)(8, 19, 0)
(0, 931, 0)
(0, 968, 0)
(0, 963, 0)(8, 30, 0)
(0, 915, 0)
(0, 1038, 0)
(0, 980, 0)(8, 31, 0)
(0, 961, 0)
(0, 963, 0)
(0, 976, 0)(8, 39, 0)
(0, 966, 0)
(0, 1037, 0)
(0, 955, 0)(3, 1, 0)
(0, 993, 0)
(0, 957, 0)(8, 36, 0)
(0, 962, 0)
(0, 1036, 0)
(0, 986, 0)(8, 27, 0)
(0, 956, 0)
(0, 956, 0)(8, 27, 0)
(0, 1004, 0)
(0, 991, 0)(8, 25, 0)
(0, 968, 0)
(0, 1016, 0)(8, 41, 0)
(0, 979, 0)
(0, 959, 0)(8, 47, 0)
(0, 1010, 0)
(0, 907, 0)(8, 70, 0)
(0, 1030, 0)
(0, 892, 0)(8, 58, 0)
(0, 1020, 0)
(0, 991, 0)
(0, 977, 0)(8, 56, 0)
(0, 981, 0)
(0, 1013, 0)(8, 69, 0)
(0, 963, 0)
(0, 963, 0)(8, 64, 0)
(0, 998, 0)
(0, 963, 0)(8, 61, 0)(11, 2, 0)
(0, 1003, 0)
(0, 991, 0)
(0, 991, 0)(8, 66, 0)(11, 3, 0)
(0, 986, 0)
(0, 1002, 0)(8, 53, 0)(11, 2, 0)
(0, 1021, 0)
(0, 970, 0)(8, 42, 0)(11, 4, 0)
(0, 957, 0)
(0, 905, 0)(8, 40, 0)(11, 7, 0)
(0, 943, 0)
(0, 971, 0)(8, 34, 0)(11, 9, 0)
(0, 947, 0)
(0, 911, 0)(8, 36, 0)(11, 19, 0)
(0, 991, 0)
(0, 1033, 0)
(0, 954, 0)(8, 42, 0)(11, 19, 0)
(0, 1014, 0)
(0, 930, 0)(8, 38, 0)(11, 18, 0)
(0, 1017, 0)
(0, 902, 0)(8, 43, 0)(11, 15, 0)
(0, 1000, 0)(5, 1, 0)
(0, 932, 0)(8, 46, 0)(11, 10, 0)
(0, 994, 0)(5, 2, 0)
(0, 947, 0)(8, 45, 0)(11, 17, 0)
(0, 1031, 0)(5, 1, 0)
(0, 891, 0)(8, 53, 0)(11, 24, 0)(12, 4, 0)
(0, 1010, 0)
(0, 1061, 0)
(0, 917, 0)(8, 66, 0)(11, 33, 0)(12, 5, 0)
(0, 982, 0)
(0, 880, 0)(8, 75, 0)(11, 24, 0)(12, 13, 0)(13, 1, 0)
(0, 997, 0)
(0, 1000, 0)
(0, 863, 0)(8, 64, 0)(11, 21, 0)(12, 14, 0)(13, 2, 0)
(0, 992, 0)
(0, 1006, 0)
(0, 885, 0)(8, 65, 0)(11, 16, 0)(12, 21, 0)(13, 2, 0)(14, 1, 8)
(0, 1002, 0)
(0, 1003, 0)
(0, 1019, 0)
(0, 880, 0)(8, 51, 0)(11, 22, 0)(12, 17, 0)(13, 5, 0)
(0, 1005, 0)
(0, 997, 0)
(0, 1044, 0)
(0, 874, 0)(8, 42, 0)(11, 24, 0)(12, 17, 0)(13, 8, 0)
(0, 994, 0)
(0, 960, 0)
(0, 989, 0)
(0, 888, 0)(8, 23, 0)(11, 16, 0)(12, 11, 0)(13, 11, 0)
(0, 954, 0)
(0, 985, 0)
(0, 899, 0)(8, 31, 0)(11, 17, 0)(12, 9, 0)(13, 23, 0)
(0, 963, 0)
(0, 935, 0)
(0, 910, 0)(8, 43, 0)(11, 16, 0)(12, 9, 0)(13, 22, 0)
(0, 984, 0)
(0, 954, 0)
(0, 1009, 0)
(0, 949, 0)
(0, 880, 0)(8, 54, 0)(11, 15, 0)(12, 10, 0)(13, 37, 0)(15, 2, 0)
(0, 947, 0)(1, 2, 0)
(0, 971, 0)
(0, 863, 0)(8, 59, 0)(11, 10, 0)(12, 16, 0)(13, 28, 0)(15, 3, 0)
(0, 989, 0)(1, 3, 0)
(0, 1014, 0)
(0, 826, 0)(8, 65, 0)(11, 12, 0)(12, 32, 0)(13, 27, 0)(15, 4, 0)
(0, 943, 0)(1, 2, 0)
(0, 966, 0)
(0, 885, 0)(1, 7, 0)
(0, 840, 0)(8, 92, 0)(11, 24, 0)(12, 37, 0)(13, 27, 0)(15, 7, 0)
(0, 923, 0)
(0, 1019, 0)(1, 2, 0)
(0, 981, 0)
(0, 858, 0)(8, 95, 0)(11, 38, 0)(12, 42, 0)(13, 38, 0)(15, 5, 0)
(0, 1012, 0)
(0, 1019, 0)
(0, 1041, 0)
(0, 825, 0)(8, 107, 0)(11, 44, 0)(12, 34, 0)(13, 28, 0)(15, 5, 0)
(0, 1021, 0)
(0, 1009, 0)
(0, 746, 0)(8, 120, 0)(11, 49, 0)(12, 31, 0)(13, 39, 0)(15, 4, 0)
(0, 1012, 0)
(0, 985, 0)
(0, 965, 0)
(0, 746, 0)(8, 112, 0)(11, 61, 0)(12, 25, 0)(13, 38, 0)(15, 4, 0)
(0, 969, 0)
(0, 1004, 0)
(0, 1050, 0)
(0, 768, 0)(8, 124, 0)(11, 88, 0)(12, 17, 0)(13, 34, 0)(15, 11, 0)
(0, 1011, 0)
(0, 996, 0)
(0, 934, 0)
(0, 751, 0)(8, 109, 0)(11, 93, 0)(12, 14, 0)(13, 48, 0)(15, 13, 0)
(0, 991, 0)
(0, 982, 0)(3, 2, 0)
(0, 709, 0)(8, 96, 0)(11, 81, 0)(12, 23, 0)(13, 62, 0)(15, 10, 0)
(0, 1010, 0)
(0, 939, 0)(3, 5, 0)
(0, 995, 0)
(0, 982, 0)(3, 9, 0)
(0, 695, 0)(8, 106, 0)(11, 105, 0)(12, 28, 0)(13, 70, 0)(15, 11, 0)
(0, 986, 0)(3, 9, 0)
(0, 969, 0)
(0, 716, 0)(8, 98, 0)(11, 87, 0)(12, 19, 0)(13, 64, 0)(15, 7, 0)
(0, 998, 0)(3, 5, 0)
(0, 996, 0)(9, 1, 0)
(0, 970, 0)(3, 3, 0)
(0, 1007, 0)
(0, 1041, 0)(3, 4, 0)
(0, 1024, 0)(3, 6, 0)
(0, 965, 0)(3, 4, 0)
